1 50 2 0 0.7056135 0.5853732 0.0073447623 -0.012609041321465462 0.005795729310020809 -0.011668047811545715 0.9998356192309327
1 51 2 1 0.58933794 0.4980944 0.023733534 0.02247622273902838 0.0009071695770979293 -0.0027417578862507152 0.9997432051196634
1 52 2 2 0.53209853 0.53132975 0.009443524 -0.0033006985810828723 0.011656746231114646 -0.001953412834989864 0.999924701597563
1 53 2 2 -1.0370303 0.54149485 -0.021264326 -0.009545906021220458 0.015246855680416668 -0.008450409588084155 0.9998024805025607
1 54 2 4 0.5333269 0.42164117 0.02685743 0.011661122145962299 -0.004079719035990792 -0.02418565013507443 0.9996311356805897
1 55 2 5 0.43164966 0.36486083 0.004080426 -0.004951644618400802 0.0019515509867561779 -0.020175155113037163 0.9997823075928689
1 56 2 6 0.124939844 0.3049027 -0.0017488911 -0.002107587379964473 0.0006309183062157797 -0.031150375556898608 0.9995122778163702
1 57 2 7 0.5578731 0.20537189 0.00090895884 0.014929466076453507 0.0036843507217943472 -0.0019578107408461825 0.9998798447186481
1 58 2 8 0.29276046 0.4749033 -0.00066582847 -0.02224827300139589 -0.004439251119533025 0.05502367971927183 0.9982272841703737
1 59 2 9 0.542921 0.45889843 -0.012399619 -0.004526604629027649 0.0004791459002857229 -0.007826656515299034 0.9999590135161902
1 60 2 10 0.49807996 0.2976062 0.040533405 0.001484616685786402 -0.008776975389041158 -0.06452762069616312 0.9978762068274674
1 61 2 11 0.57567716 0.13375446 0.024621911 -0.013713161285372404 -0.0024429215520568055 -0.08647789996460464 0.9961563913432774
0 73 1 7 1.0370312 -1.1836562 -0.0046585435 -0.0018072385721412544 -0.00011161366485185553 0.12946593455635377 0.991582220285968
1 62 2 12 0.3318135 -0.36137706 0.027640961 0.03069042657486885 -0.0029689102256828374 -0.036367807283469056 0.998862685231111
0 74 1 8 0.84792656 -0.7487701 -0.010521183 -0.0052604220158365194 -0.001420012172709412 0.16283911076764823 0.9866375881471231
1 63 2 13 0.18776403 -0.2689302 -0.010896244 0.0015887342687913532 -0.005984861177421695 -0.057210853559939705 0.9983429143097756
0 75 1 9 0.40912673 -0.7093562 -0.02842687 0.009822209168132008 -0.004427961865337572 0.043900912006516336 0.9989777868734864
1 64 2 13 -0.8792463 -0.29315126 0.004270123 0.004487636518295003 -0.00422645374467178 -0.0625856103632934 0.9980205674259515
0 76 1 10 0.8734471 -0.5598314 -0.02157273 0.03487668732331679 0.0025478567743549996 0.05913403795429332 0.9976373492954576
0 77 1 11 0.58171153 -0.30258143 -0.0007990715 -0.002158931828475224 0.001600154096233358 0.055542045856828016 0.998452733002752
0 78 1 12 1.0847956 -0.13535552 0.0038212622 0.02888510816922059 0.0014205158783875639 0.056960233550882436 0.9979574906248723
0 79 1 12 -0.39126387 -0.06377733 0.006529604 -0.0005464234510631041 0.0027379633524756844 0.06339799450737928 0.9979844269746292
0 80 1 13 -0.28383604 0.089015275 0.008733612 -0.0018241991035451463 -0.0031664488704721207 0.05205855052300616 0.9986373438695966
0 81 1 14 -0.96315193 0.17301466 -0.0024728624 0.002589388727127881 -0.0017061496921584021 0.05727979427469327 0.9983533549185107
0 82 1 16 0.3805855 0.5109983 -0.010337434 -0.011539069103135244 0.0031676560149515734 0.03149784497398765 0.999432193963634
0 83 1 17 0.33046278 0.61942846 0.014369099 -0.0010879037285603588 0.0022984645055772997 0.015440891769493405 0.9998775422099344
0 84 1 18 0.16288969 0.70940596 -0.027693082 0.0004513675483764185 0.0014950046369370691 0.028066123115585886 0.9996048474404948
0 85 1 19 0.4005712 0.77058953 -0.0035140545 -0.0011889961812844218 0.005279095496554933 0.01867374757714622 0.9998109907103226
1 74 2 23 -0.13242385 0.9892625 0.04018303 0.017926855921991145 -0.0022287360038306283 -0.1472073526065763 0.9889406710737008
0 86 1 20 0.62615234 0.7029017 0.013063941 0.006513046922800525 0.001140559718484852 -0.025672392178466858 0.9996485390543286
1 75 2 24 0.12674883 0.45072877 0.043404955 0.04430209984058419 0.009725949260456803 -0.12048994904771665 0.9916778291680426
0 87 1 20 -0.83517826 0.70008004 0.0051841713 0.024165969602139976 0.00907591576477785 -0.021746627121816246 0.9994301960716232
1 76 2 25 0.061571818 0.2455728 0.018293945 9.946023629677522e-06 0.004378789972864507 -0.09826617616001723 0.9951505346578815
0 88 1 22 0.52998096 0.45976773 0.0117764305 0.008400665606370273 0.0046612123409965015 -0.03497610283242391 0.9993419717385011
1 77 2 26 0.03013586 -0.118492715 0.021811808 -0.010069502374372097 -0.004897467550348711 -0.11881235149984198 0.9928535868854494
0 89 1 22 -1.0345442 0.4385314 -0.006790365 0.006498405395947926 0.0001161723768467889 -0.0007517314832613952 0.9999785868021019
0 90 1 23 -1.2730485 0.50779396 0.005408225 -0.007019354302469976 0.0005348881823849577 0.0414363213312857 0.9991163507027749
1 78 2 27 -0.09597808 -0.606278 -0.0040396834 0.003302867231196265 -0.008125685319526921 -0.15163943981805264 0.9883969657611702
0 91 1 25 0.45199808 0.69125277 0.013268185 0.010732047512366323 -0.007007349736481795 0.02461611965547843 0.9996148053014672
0 92 1 26 0.5389458 0.48842075 -0.0079584895 0.011915598040969902 -0.002422927851942771 -0.06365006853725796 0.997898202710703
0 93 1 26 -1.3258641 0.57168204 0.0040818816 -0.0032199105257934074 0.006235571996715876 0.18578259476713987 0.9825658218767317
0 94 1 27 -1.2339545 1.2677954 -0.04797378 -0.02041437698492884 0.0009465707040995828 0.18606787898055505 0.9823243413178575
1 84 2 34 0.7026881 -1.0625064 -0.04702661 -0.004538059048298437 -0.017317463527675877 0.18120544182874154 0.9832823077732169
1 85 2 35 0.56444794 -0.38059172 0.03264594 -0.03329782655765053 -0.0033474631850005463 0.18816159199897306 0.981567754746599
1 86 2 36 0.14731118 -0.036527343 0.012962185 -0.0073641624826663934 -0.008466541393836992 0.09500505002039535 0.9954135517102495
1 87 2 37 -0.081225164 -0.19801801 0.016430415 0.012467353359501042 -0.006178704409336097 -0.022960291538339058 0.9996395504545893
1 88 2 38 0.18956275 -0.41282567 -0.019969996 0.01076046012188568 0.003398721374618102 -0.004118060938064337 0.9999278534255157
1 89 2 39 0.528841 -0.6100009 0.027589824 0.012436447485420834 0.014185471048563825 -0.02208252592714395 0.9995781411005231
1 90 2 39 -0.8355496 -0.5891723 0.02112921 0.005695659813813789 0.0017441731675000513 -0.015612779377395256 0.9998603738224594
1 91 2 41 0.46337497 -0.7564341 0.0385603 0.012496174119506168 -0.0089355924460033 -0.016272764502722165 0.9997495620771413
1 92 2 42 0.18984504 -0.4761726 0.0008826157 -0.017971954144588537 0.0013661362976386006 0.07470482593795989 0.9970427984762399
1 93 2 43 -0.10058631 -0.64572394 -0.049498726 0.013243564731808561 -0.0012216987698612193 0.07047450304188511 0.9974249004713431
1 94 2 44 0.35064805 -0.8401064 -0.00765348 -0.012853451061670053 0.006994042038747067 -0.042269600929938644 0.9989990798203257
1 95 2 45 0.5422748 -0.8382682 -0.004012915 -0.00015290620225270242 0.004965938559431156 0.06504496687390719 0.9978699573994875
1 96 2 46 0.35900015 -0.66037476 0.00468321 -0.022611734204703623 -0.004951413950823945 0.04135664165505305 0.9988762904710088
1 97 2 46 -1.2564667 -0.76155806 -0.055624966 0.007260723378132173 -0.003263198393923547 -0.03771352002954455 0.9992568935603157
1 98 2 48 -0.061050028 -0.44840175 0.06535736 -0.009180076343275126 0.009261803572480106 0.07938636185788818 0.9967586168376461
1 99 2 49 -0.18695804 -0.4856771 0.010607789 0.02165689988588167 -0.005768096732480502 0.003008099541204664 0.999744293183248
1 100 2 50 0.10460756 -0.30418378 0.0033040068 -0.0031240609429201735 -0.005505145925693302 0.07429602142139967 0.9972161420834843
1 101 2 51 -0.27224556 0.058242176 0.00018872634 0.004015446846029285 0.0013249205745274237 0.17723183009130702 0.9841600365029141
1 103 2 53 -0.40295485 0.52146006 0.011847577 0.015899713182685696 -0.0014769593221610096 0.06370345373675852 0.9978411064861991
1 104 2 54 -0.021395326 0.62374616 0.02683883 0.01637710462867169 -0.006079001868592015 0.06205323511397217 0.9979199517274966
1 105 2 55 -0.23640671 0.8926396 -0.011331652 -0.024102675156754357 0.0029423044881040487 0.02373015394679565 0.9994234792486755
1 106 2 56 -0.1381183 0.66028696 0.0006594559 0.013659364145665237 -0.007203239775727565 -0.03993179286139974 0.9990830837130338
1 107 2 57 -0.23125507 0.6141237 0.03912624 0.01824845181346966 -0.0006069834175889982 0.0005060570803527917 0.9998331675839073
1 108 2 58 -0.30273187 0.5476977 0.020903205 0.015342913288376432 -0.0007523976959688184 -0.00600766419726984 0.9998639580457547
1 109 2 59 -0.41054928 0.5125131 0.023675647 0.002941676563268542 0.003005041173721793 -0.03297738762979144 0.9994472525734285
1 110 2 60 -0.5300693 0.29711968 -0.00015949296 0.00889821355215878 0.0007384330308475162 -0.01018659301678569 0.9999082567927021
1 111 2 62 0.6532358 0.001862801 0.039290544 0.009752274220902895 -0.004935682526052275 -0.01903444697591359 0.9997590862590056
1 112 2 62 -0.80550134 -0.09749824 0.009071554 0.012231924674832147 -0.0030263707436774226 0.02766379627449173 0.9995378678129443
1 113 2 63 -0.52239835 0.10827226 0.013401225 -0.002352558688457594 0.010150564244221262 0.11846352397746619 0.9929037287423187
1 114 2 65 0.59466827 0.16631635 -0.036902085 -0.030181367614718575 0.004316685161604711 -0.0934774980062609 0.9951544502926025
2 91 0 14 -1.588967 2.4979508 -0.15107958 -0.02905634693775085 -0.00273586434506628 -0.015210663860920938 0.9994582854702548
1 115 2 65 -1.0563011 -0.030272476 0.02057524 0.009294286306027945 -0.00224535612212284 -0.06050356518206666 0.9981221881676362
1 116 2 66 -0.8001173 -0.29246488 -0.011382856 0.007027454287201498 -0.002996724166877092 -0.08703776370285267 0.9961757102607074
2 93 0 16 -1.3387446 1.9712659 0.09731027 0.025588942683034046 0.01139100224414629 -0.040798778413445355 0.9987747091571679
1 117 2 68 0.6312621 -0.46784303 0.049771626 -0.0013061954319295817 -0.0005881691137606687 0.021990708345263704 0.9997571486393739
1 118 2 68 -0.6625604 -0.50513303 0.05222671 -0.001131517808200959 0.006335491097608 0.018431437084284588 0.999809410887387
2 95 0 21 3.2485125 1.3284663 -0.0050413674 -0.0010937308131606996 -0.0010401501601698326 -0.04670575844331389 0.9989075504928805
2 96 0 21 1.6291882 1.4060555 -0.046471737 -0.004537064942237626 0.0016480657807220436 -0.036457357848500294 0.9993235565171303
1 119 2 70 0.61749184 -0.30270347 0.014570289 0.014329667918417473 0.0005763187128590926 0.1021564397288141 0.9946649663771507
2 98 0 23 1.6151084 0.9779419 -0.09254227 -0.0031757359651669857 0.0028402270439307317 -0.08397429514240909 0.9964588169482477
1 121 2 72 0.5029651 0.20235755 0.029218657 -0.008366764530454538 0.007304333176113311 0.06277891212186308 0.9979656582090578
2 99 0 23 0.20126925 0.90925163 -0.09270135 0.004699111551145348 0.010374006321342262 -0.11202718368277932 0.9936398742043331
1 122 2 73 0.4133667 0.38439494 0.035352435 -0.02022832229235118 -0.007830242719395005 0.03343876953837713 0.9992053555208961
2 100 0 24 0.029738858 0.30866972 -0.0071990895 0.006498177160080692 -0.005374108286767467 -0.17865071977071373 0.9838764199600567
2 101 0 25 -0.26508477 -0.32872406 -0.022636745 0.009281884588797945 0.0029510719047662593 -0.2335256432156335 0.9723018705386928
1 123 2 74 0.39007849 0.33687118 0.032065455 0.020526142910284303 0.006916300355099064 0.01352415645214644 0.9996739019725362
2 102 0 24 -3.1579967 0.335107 0.014965569 0.027887025716605337 0.012779608271103794 -0.2549565319017988 0.9664658104838305
1 124 2 75 0.43261537 0.49021932 0.027576815 -0.016272974169610675 0.007214666298255511 0.02014862299657731 0.9996385293564721
2 103 0 27 -0.54620224 -1.4368815 -0.0370036 0.005992633270590982 0.0005596640722006141 -0.1516463320206877 0.9884165041801471
2 104 0 27 -2.050253 -1.5017799 -0.09473472 0.011145171103848014 0.004692881151656756 -0.15717747378049474 0.9874963319686175
1 125 2 76 0.280667 0.38645065 0.034303315 0.007044205834399612 -0.002824629268213241 0.018483183215504583 0.9998003715694728
1 126 2 77 0.25031766 0.25189278 0.052156962 0.014020902377263481 0.0032300834267979645 0.021680013983727826 0.9996614181011472
1 127 2 78 0.11673135 0.067663856 0.023139296 0.012434327502664105 -0.0021835035258054632 0.015001856666801953 0.999807771445852
1 128 2 79 0.3327108 -0.06741109 0.0058262823 0.012135678882846796 0.003524584820453085 0.00845125248620516 0.9998844273658442
1 129 2 80 0.3615372 -0.25860837 0.0068850224 0.02232243487205999 -0.0008999083395825026 -0.002737527374238025 0.9997466705235344
1 130 2 81 0.28343755 -0.26023862 0.020477891 0.003132935957683222 0.00036090868386044517 -0.0007354064538951295 0.9999947622281232
2 112 0 38 1.0360026 -1.1989223 -0.018047659 -0.008442162119886722 0.008487431399014665 0.0752387491536877 0.997093693592645
1 131 2 82 0.113848366 -0.08343489 0.022198498 -0.006474761810347827 0.00046299258857104375 0.05398427041858948 0.9985206808146219
2 113 0 38 -0.6633387 -1.223921 -0.06891248 0.005246278978194005 0.002341274131249165 0.04753494294322365 0.998853055533197
1 132 2 83 -0.068591446 -0.19849262 0.024215385 -0.008296478962605559 -0.0029213452502175074 -0.008224863911254448 0.999927488320659
2 114 0 39 -0.53025955 -1.1638601 -0.053272747 -0.0031336763940583135 0.011260346758066026 0.011040699931979462 0.999870746425142
1 133 2 84 -0.09273744 -0.23589869 -0.0028967485 -0.00882860000072866 0.009207756309115932 -0.04109032185288779 0.9990740079935879
2 115 0 40 -0.7184142 -1.1414343 -0.021884272 0.012928507149867208 0.01198190880083163 -0.0016092905115752674 0.9998433318199096
2 116 0 41 -0.6955298 -1.2718962 -0.030501911 0.01800555027201436 0.008578328775813455 -0.005795931849849888 0.9997842898768711
1 134 2 85 0.0039205006 -0.33696145 0.02240538 -0.0004991511106118823 0.010648661863989188 -0.033216574465704474 0.9993913183854147
2 117 0 42 -0.8571984 -1.2960384 -0.03768096 0.015981562567766776 0.00571199819035186 -0.009580402397128691 0.9998100741152441
1 135 2 86 -0.123322904 -0.14435323 0.00047715358 -0.007603547238441448 0.0021703961443724135 0.027525221362295554 0.9995898359266617
2 118 0 44 0.54957956 -1.3557373 -0.04001358 0.011067788570314941 0.003419007741519369 0.009983391825433622 0.9998830786539725
2 119 0 44 -0.7920164 -1.3085386 -0.027781617 0.01534328873483411 0.01006673151785552 0.06685819025130559 0.9975937189685851
1 136 2 87 -0.466536 -0.040200774 0.0053809998 -0.0019929088455776503 0.007825135757516727 0.019494752120571588 0.9997773444134281
2 120 0 45 -0.48333764 -1.1164391 -0.021402746 -0.002461314200938185 0.006872700493301284 0.060832052789759075 0.9981213222739267
1 137 2 88 -0.52228475 0.101048626 0.009974948 -0.002780563230759701 0.00997344861489661 0.057600670456882906 0.9982860151778118
2 121 0 46 -0.23077603 -0.7752727 -0.024451325 -0.005784257566681096 0.0015994842079000357 0.12558817019038634 0.9920643031612745
1 138 2 89 -0.33873564 -0.092008404 0.00074483483 -0.004177480786045242 -0.0014814788450770557 -0.04393603989221056 0.9990245114317908
2 122 0 47 -0.3737984 -0.42759874 0.007839411 -0.009986784217480433 -0.002839723148531631 0.1297601372170144 0.9914910507909209
1 139 2 90 -0.41876134 -0.1927779 -0.012234915 0.00970827900569133 -0.00010754671864976652 0.004784032184235753 0.9999414143686282
2 123 0 48 -0.5147475 -0.106471725 0.0051490744 -0.014393374027618514 0.003949086426284562 0.0723704925994082 0.9972661393041364
2 124 0 49 -0.6585127 0.11992078 -0.028795898 -0.010904996733325073 0.004747612406949239 0.07677151419186379 0.9969777840508511
1 140 0 14 -2.290698 2.2232523 -0.057463147 -0.015417386659014317 -0.0016581793090221723 0.01543378791566668 0.9997606438043715
1 140 2 91 -0.6139739 -0.1946133 0.026844261 0.012869855759962412 0.001546524259483927 0.030045678657587133 0.9994644727847671
2 125 0 51 1.028864 0.2984208 0.0039056973 0.0038635612385310167 0.004358436051576117 0.015537366693669863 0.9998623186936592
1 141 2 92 -0.6138144 0.113563165 0.0030835618 0.010603292286915538 0.003683003382468948 0.12005356292894385 0.9927039566957611
2 126 0 51 -0.5819545 0.20679706 -0.015874648 0.001871554160288012 0.00966703570240976 -0.05351916686993938 0.9985182856321424
1 142 2 93 -0.7464841 0.3349543 0.0007982905 -0.02976221011432833 -0.00821120648694311 0.055774082123187095 0.997965956839754
2 127 0 52 -0.6071943 -0.026500667 -0.0064599607 0.011707666412281395 2.524114452379111e-05 -0.06249994673135156 0.9979762894068064
1 143 2 94 -1.1100223 0.3037625 0.017707817 0.016778045432439954 0.0007443159426667979 0.048356271348979 0.9986889410631018
2 128 0 53 -0.7655653 -0.20520632 -0.014448506 0.00978866138495317 0.000959933365104138 -0.0494183894556399 0.9987297334870667
2 129 0 54 -0.6104957 -0.43539608 -0.022881998 0.007838669824853869 0.007289899186732361 -0.05919226886195521 0.998189210540221
1 144 0 21 2.3103654 2.1768017 -0.048542712 -0.008750953910351193 0.0010264441977184693 0.003060085974972445 0.9999565025644617
1 144 2 96 0.8169064 0.6434739 0.011344527 -0.0045140510141533936 -0.0027487027134198206 0.04117098472839139 0.9991381403162624
2 130 0 55 -0.5369648 -0.68245727 -0.015370457 0.0027380444592634886 0.0012550640278777587 -0.10714913510707473 0.9942383933566062
1 145 2 96 -0.67028385 0.6486679 -0.0035347452 -0.0004635051571967807 -0.0035476497147055312 0.04944254558462394 0.9987705615437218
2 131 0 57 0.85290456 -0.84868556 -0.02720067 -0.014356068230956838 0.003412151361878169 -0.005300897338091328 0.9998770727657594
1 146 2 97 -0.76624936 0.803165 -0.015802447 0.0008195026579756448 -0.007532678575169549 0.04844450745921786 0.9987971253669949
1 147 2 99 0.8019003 1.3504137 0.04562172 -0.008283591268877276 -0.010445643029278572 0.12337725547810136 0.9922702934984868
1 148 0 25 2.4054565 2.1476374 -0.017336175 -0.004671861007153907 -0.0019359570246744074 -0.022000243590802444 0.9997451725762384
1 148 2 100 0.980774 1.893781 -0.014936857 -0.010616853436484431 0.003605662836798529 0.15014342264706126 0.988600630286319
1 149 2 100 -0.100082114 1.7978224 -0.016561313 -0.011340135983855512 0.0005536707753743681 0.08192337896679612 0.9965739569927996
2 136 0 62 -0.24920624 0.033376552 -0.024868652 -0.004738682056646971 -0.022426766983531507 0.38843911050816105 0.9211892551674825
1 150 0 26 1.4164584 1.525914 0.027450878 0.01042474020669 -0.0018953418530007723 -0.03442677009952055 0.9993510450244038
2 137 0 63 -0.7957115 1.1832975 0.036390845 -0.011472339186904695 -0.009476707151865568 0.410194470725989 0.9118766814589603
1 151 0 26 -0.16097762 1.3485225 0.041555118 0.01857243716982367 -0.00593048344574677 -0.09316680571117686 0.9954596052945791
1 152 0 27 -0.034700796 0.9704433 0.041292757 0.009796994558074007 -0.0015561269794551666 -0.12819777653210787 0.9916990083875485
1 153 0 28 -0.09393193 0.37340647 0.01461287 0.017429127375932826 0.00516241971295175 -0.16281111319620542 0.986489802036174
1 154 0 29 -0.06634112 -0.16941135 -0.012063246 0.014909932688159953 0.00480894739362049 -0.18470968296213405 0.9826682447325261
1 155 0 30 -0.48776233 -0.8498855 -0.0655914 0.030497538876412815 0.009674412222169347 -0.1970046251078726 0.9798803425621457
1 156 0 31 -0.61854476 -1.3813386 -0.04795675 0.01477891767762967 0.007561485804148641 -0.09962662624351762 0.9948863921411296
1 157 0 30 -3.5428212 -1.1472266 -0.109698094 0.03070394540768809 0.01282352615968758 -0.18456315586762928 0.982257237678848
1 157 2 108 1.1927747 1.3306175 0.09249335 0.01971172169030535 -0.0029651511036027584 -0.04176218454853538 0.9989287181411667
1 158 2 109 0.91973144 1.0293487 0.03402045 0.009825856452292274 -0.00046140969406249945 -0.04527562349873775 0.9989261076379656
1 159 2 109 -0.11691271 0.96609247 0.025151549 0.020986292740154046 0.003581343544242016 -0.013099939324656031 0.9996875259838238
1 160 0 36 0.5497176 -1.0993695 -0.020427052 -0.011966137394871132 -0.009939370381296232 0.1926912388036589 0.9811361328802686
1 160 2 110 -0.571348 0.8175926 0.025899952 0.004861557362660005 0.000670592528133885 0.003180925852479531 0.999982908222046
1 161 0 37 0.6671557 -0.86471224 -0.0077559464 0.00038881174823272613 -0.008511730098513005 0.10006122244261496 0.9949447886805493
1 161 2 111 -0.27770692 0.64072114 0.026499495 0.0017594138614465597 -0.0038416477586198997 -0.038258713837221986 0.9992589290793543
1 162 0 38 0.667221 -0.59816444 -0.040346906 -0.000992683765007223 0.01074339328306225 0.03786985819618894 0.9992244290808617
1 162 2 112 -0.2501461 0.6613565 0.0016283195 0.006908204815625382 0.0018530721679993103 -0.03497081508951708 0.9993627425080851
1 163 0 39 0.43663004 -0.2393147 -0.015341778 -0.032559334976045136 0.014206173223128683 0.005668120614795268 0.9993527597692631
1 163 2 113 -0.46125674 0.9023111 -0.0369655 -0.028643665964310852 0.006194817747520347 0.003053549800542798 0.999565834924767
1 164 0 39 -1.0164052 -0.29863647 -0.017731268 -0.014789786811721118 0.011557168633624616 0.00629710037418249 0.9998039932680783
1 164 2 114 -0.46209145 0.87531334 0.008457032 -0.01021949171747135 0.00015360664254610297 -0.0034808695837293506 0.9999417049582536
1 165 0 41 0.4558121 -0.42814162 -0.01067098 0.02042349712824133 0.007022925738826108 -0.020214863141288387 0.9995623688939532
1 165 2 115 -0.31782392 0.8418739 0.00088152214 0.004741465866145584 0.003209764985701502 -0.013402608602705755 0.9998937937842913
1 166 0 42 0.33192605 -0.45900455 -0.01285478 0.020274222674802313 0.004690711004451466 0.0003154718549192333 0.999783417970482
1 166 2 116 -0.50380504 0.7868324 0.02520809 -0.0109417318318463 0.004807262970465204 -0.010707697590572374 0.9998712531299876
1 167 0 43 0.37428066 -0.42373544 -0.009298808 0.010002086932117214 0.00248092884059834 0.019107242264439647 0.9997643252655903
1 167 2 117 -0.4634791 0.8329695 0.027523398 0.00015633524444523712 -0.0002287140241890526 0.016470876187123035 0.9998643157222183
1 168 0 44 0.26779053 -0.39410678 -0.010738403 0.008515216643596238 0.005491985656020857 0.021653159687659438 0.9997141846854274
1 168 2 118 -0.32269698 0.93687016 0.032564018 -0.0038701319874730766 0.002735515728619769 0.012764226605025393 0.9999073030304294
1 169 0 45 0.43893912 -0.3701254 0.015313938 0.007815002814445766 0.0016716159996410815 0.018896464305430044 0.9997894989427895
1 169 2 120 0.99510944 0.6814995 0.058543175 0.009418141009311324 -0.0046901096039882306 -0.04231369583960782 0.9990489728988485
1 170 0 46 0.64639544 -0.2059609 0.012818663 0.002830291090441428 -0.00405121474899524 0.05514794123173941 0.9984659707274066
1 170 2 120 -0.49011695 0.72605634 0.0008019244 0.01048503898765267 -0.009703216600406645 -0.005396549338987169 0.9998833841634508
1 171 0 47 0.36100152 -0.013559905 -0.017148096 0.006673031368538957 0.008821491018513976 0.08728390367972265 0.9961220606352321
1 171 2 122 0.746897 0.38455692 -0.02873465 0.016694803612211363 0.014521154457976717 -0.04342950570053475 0.9988114476070371
1 172 0 48 0.25013676 0.23991299 0.027612945 -0.013799645664951853 -0.00302295100580132 0.06152601503218365 0.9980054872893269
1 172 2 123 0.7516411 0.33791927 0.036002364 0.0015632757577434453 -0.005986793843617274 -0.011402621206809823 0.9999158496020937
1 173 0 49 0.088868916 0.45929843 -0.0095023345 -0.014759575732609817 0.0010494912919400566 0.06781073847481156 0.9975884760312812
1 173 2 124 0.7748129 0.30906007 0.020847803 -0.001481792958856989 -0.0030906995748613054 -0.005989168894378019 0.9999761876608985
1 174 0 50 0.13141283 0.52380973 -0.004144787 -0.0035365198846036925 0.006140356487091982 0.024582703389188353 0.9996726796779835
1 174 2 124 -0.82626 0.32675588 0.011450845 -0.0021011291471270967 0.001225773223430412 -0.023022074065040733 0.9997320039578924
1 175 0 51 0.34207714 0.37466708 0.02253244 0.003585117867828691 0.001815111004822501 -0.0370142011133309 0.9993066619305514
1 175 2 125 -0.64689094 0.290493 -0.0142410835 0.0037639651580022742 -0.004569377781466167 -0.05005167077309927 0.9987290844619094
1 176 0 52 0.40055457 0.03407376 0.007524392 0.015014725120727684 0.0001760612179764686 -0.04562514184837094 0.9988457753901144
1 176 2 126 -0.6401924 0.048092615 0.01647177 0.01364697479150258 -0.005657347966031542 0.016778587791199125 0.9997500837482934
1 177 0 53 0.24587226 -0.055871274 0.010057592 0.023737638250973664 0.0013802100634949382 0.023434524020370853 0.9994425635553971
1 177 2 127 -0.6007815 0.03375148 -0.00044015434 0.01529036908764524 0.0019563121318332856 0.0771370649495394 0.9969013231562946
1 178 0 54 0.3590022 -0.10002612 0.001613362 0.01279989481317723 0.00190784672300027 0.028946180321193025 0.9994971978232723
1 178 2 128 -0.67948943 0.17161022 -0.004578938 0.0055407142227259145 -0.004168493100620539 0.07756487945738796 0.9969631963238637
1 179 0 55 0.3184768 -0.2099629 0.015021305 0.011529745195156682 -0.0008230812769195994 0.012077281529620202 0.9998602471448937
1 180 0 56 0.2997592 -0.28452942 0.008642125 0.012008181431944086 -0.004704968078187775 0.06044502764757769 0.9980882012756361
1 180 2 131 0.93276143 0.6884541 0.010213505 0.00016721242496328212 0.0017559509364096745 0.0932982351504734 0.9956366443851093
1 181 0 57 0.2429739 -0.3112357 -0.013157958 -0.0018938539652906517 -6.0417249158847845e-05 0.019489442373916373 0.999808263278595
1 181 2 131 -0.64133096 0.48977804 0.020068541 0.011281666175063957 -0.004262407244316877 0.024822380865845997 0.9996191208406435
1 182 2 132 -0.5626476 0.6096907 0.04993518 0.011973616154107383 -0.006266747307169111 0.07161014772595788 0.9973411304356403
1 183 0 59 -0.16566458 0.44623235 0.020577561 -0.020858494442071943 -0.01472251161333846 0.13392766378263113 0.9906621757535387
1 185 2 135 0.68632144 1.7702186 0.31463963 0.015185521890225208 0.009313245588168581 -0.2530976403066517 0.9672767141976067
1 187 0 63 1.0654409 1.1398307 0.11424017 0.0059970556878452584 -0.00022857147424381572 0.053130063844521666 0.9985695606824176
1 188 0 63 -0.7354885 1.0903658 0.076514296 0.0017498260476575067 -0.0024968006713538392 0.050673039641591436 0.9987106355589147
1 190 0 65 -0.5415672 1.6307971 0.073636234 0.008218547479170085 -0.005219207274189783 0.10480487645830543 0.9944451395949332
1 193 2 142 -1.6005949 -1.2400762 0.014281836 -0.018582175763132782 -0.0007621267347000958 0.009489712434323217 0.9997820169569142
2 143 0 125 -2.7968554 0.9266038 0.026815321 -0.015512409521279602 0.003979579017732987 0.021034696548438397 0.999650469431292
1 195 2 143 1.0092391 0.008456482 -0.030879302 -0.002174894502643709 0.004793129535624564 0.12755941219689682 0.9918169696420367
0 128 1 195 -2.5364225 -0.85647744 0.040946778 0.02532241769185633 0.0030314580888632877 -0.08516880419567747 0.9960400884797048
0 128 2 144 0.15930243 -0.7869644 0.00048268988 0.01025437645763284 0.010948840913544014 0.12200951262220323 0.9924155596454299
0 129 2 145 -0.121437915 -0.7326071 0.014829067 0.00378964428191888 -0.0032574103341230618 -0.008540911061012237 0.9999510484873528
1 196 2 143 -0.5357938 -0.2627209 -0.030700756 0.010191093317765122 -0.012426471762634572 0.0012426644428989095 0.9998700832375294
0 130 2 146 -0.24282335 -0.9003293 0.010938039 0.015044306697325862 -0.002449811037394589 -0.06041755592510362 0.9980568036147309
1 197 0 128 -0.039041605 0.6146219 -0.004173567 -0.00943149853936049 -0.0015297004769539522 -0.0421634881346222 0.9990650291398926
1 197 2 144 0.05576204 -0.19564909 -0.006275582 -0.00272871034733643 0.005125433635891196 0.07964365148932503 0.9968064768926922
0 131 2 147 -0.5448704 -1.2580413 -0.028756963 0.00671240395328881 0.007701082295298881 -0.11862712850655759 0.9928863122005807
1 198 0 129 0.009523326 0.5518898 -0.042068932 -0.010086847632613844 0.0025427885717399686 0.019764584278728698 0.9997505532520973
1 198 2 145 -0.11240891 -0.1541362 -0.017613206 -0.004706351966976783 -6.892172379630027e-05 0.009689065262228283 0.9999419806457689
1 199 0 130 -0.3039295 0.4977527 0.026045978 0.016987179435750052 -0.007440330623288535 0.03870003345458816 0.9990787733158856
1 199 2 146 -0.47771075 -0.38066924 0.008262584 0.03222128196534622 -0.00837725894914024 -0.026109089448620743 0.9991045533899952
1 200 0 131 -0.39550725 0.9257454 -0.0012093913 -0.01434669165327456 -0.0009580112036555928 0.08679073623786865 0.9961228011139688
1 200 2 147 -0.7175324 -0.4156723 0.0069482485 -0.00878282274347189 0.005138769729671917 -0.0325741312508657 0.9994175153280898
1 201 2 148 -0.54825366 -0.28123713 0.023709565 -0.008770687813737195 0.0148324241665218 -0.1253702160976639 0.9919603718588079
